The in degree of node 2161 is 20
The out degree of node 9658 is 20
Print in layers after BFS:
3027
7798,5442,5374,9063,2156,1718,4650,154,1175,180,176,6470,458,8297,3570,2036,2161,9658,8361,7530
Preorder print after BFS:
3027,7798,5442,5374,9063,2156,1718,4650,154,1175,180,176,6470,458,8297,3570,2036,2161,9658,8361,7530
Print in layers after SCC:
0
7798
5442
5374
9063
2156
1718
4650
154
1175
180
176
6470
458
8297
3570
2036
2161
3027
9658
8361
7530
Preorder print after SCC:
0,7798,5442,5374,9063,2156,1718,4650,154,1175,180,176,6470,458,8297,3570,2036,2161,3027,9658,8361,7530
The in degree of node 5374 is 0
The out degree of node 8297 is 0
The in degree of node 5374 is 0
The out degree of node 1175 is 0
The in degree of node 8361 is 0
The out degree of node 9063 is 0
Print in layers after BFS:
8361
Preorder print after BFS:
8361
Print in layers after SCC:
0
7530,8361,9658,3027,2161,2036,3570,8297,458,6470,176,180,1175,154,4650,1718,2156,9063,5374,5442,7798
Preorder print after SCC:
0,7530,8361,9658,3027,2161,2036,3570,8297,458,6470,176,180,1175,154,4650,1718,2156,9063,5374,5442,7798
The in degree of node 154 is 12
The out degree of node 9658 is 12
The in degree of node 3570 is 14
The out degree of node 3027 is 13
The in degree of node 7530 is 13
The out degree of node 8297 is 13
Print in layers after BFS:
9063
8361,154,176,4650,3027,7798,180,1718,3570,2036,5374,9658,7530,458
2156,1175,5442,8297,2161,6470
Preorder print after BFS:
9063,8361,2156,1175,5442,154,8297,2161,176,6470,4650,3027,7798,180,1718,3570,2036,5374,9658,7530,458
Print in layers after SCC:
0
7798
8297
1718
5374
3570
8361
176
9063
2161
2036
7530
6470
458
9658
180
4650
154
3027
1175
2156
5442
Preorder print after SCC:
0,7798,8297,1718,5374,3570,8361,176,9063,2161,2036,7530,6470,458,9658,180,4650,154,3027,1175,2156,5442
Print in layers after SCC:
0
7798
2156
5442
2036
3027
154
9063
2161
3570
1718
180
7530
8361
9658
8297
4650
5374
1175,176
6470
458
Preorder print after SCC:
0,7798,2156,5442,2036,3027,154,9063,2161,3570,1718,180,7530,8361,9658,8297,4650,5374,1175,6470,458,176
Print in layers after BFS:
9658
5374,8361,1718,2036,9063
4650,7530,176,180,1175,8297,3027,5442,3570,6470,2161,154
458,2156
7798
Preorder print after BFS:
9658,5374,4650,458,7530,2156,7798,8361,176,180,1175,8297,3027,5442,1718,3570,2036,6470,9063,2161,154
The out degree of node 3570 is 7
Print in layers after SCC:
0
7798
2156
5442
2036
3027
154
9063
2161
3570
1718
180
7530
8361
9658
8297
4650
5374
1175,176
6470
458
Preorder print after SCC:
0,7798,2156,5442,2036,3027,154,9063,2161,3570,1718,180,7530,8361,9658,8297,4650,5374,1175,6470,458,176
Print in layers after SCC:
0
7798
2156
5442
2036
3027
154
9063
2161
3570
1718
180
7530
8361
9658
8297
4650
5374
1175,176
6470
458
Preorder print after SCC:
0,7798,2156,5442,2036,3027,154,9063,2161,3570,1718,180,7530,8361,9658,8297,4650,5374,1175,6470,458,176
The in degree of node 6470 is 8
Print in layers after BFS:
1718
3570,4650,1175,3027
6470,9658,2161,8361,458,176,8297,7530,9063,5374,2036
180,2156,5442,154
7798
Preorder print after BFS:
1718,3570,6470,180,9658,2161,2156,7798,8361,5442,458,4650,176,8297,154,7530,1175,9063,5374,3027,2036
The out degree of node 6470 is 7
The out degree of node 3027 is 3
The out degree of node 9658 is 6
The in degree of node 1718 is 7
The in degree of node 7530 is 8
Print in layers after BFS:
1175
6470,9063,5374
1718,9658,3570,2161,8361,180,154,4650,7530
3027,2156,2036,458,176,8297,5442
7798,2283
Preorder print after BFS:
1175,6470,1718,3027,9658,2156,7798,2036,3570,458,2161,8361,176,2283,8297,5442,180,9063,154,4650,7530,5374
Print in layers after SCC:
0
7798,6843,4652,7567,2283
2156
9658
8297
2036
3027
154
9063
2161
5442
458
7530
8361
180
6470
1175
1718
3570,4650
5374
176
Preorder print after SCC:
0,7798,2156,9658,8297,2036,3027,154,9063,2161,5442,458,7530,8361,180,6470,1175,1718,3570,4650,5374,176,6843,4652,7567,2283
Print in layers after BFS:
7798
6470,180,458,3570,176,8361
1718,1175,9658,2161,2036,3027,5442,4650,2283,8297,2156,7530,5374
9063,154
Preorder print after BFS:
7798,6470,1718,1175,9063,9658,2161,180,2036,458,3027,5442,3570,4650,176,2283,8297,154,2156,7530,5374,8361
Print in layers after SCC:
0
7798,6843,4652,7567,2283
2156
9658
8297
2036
3027
154
9063
2161
5442
458
7530
8361
180
6470
1175
1718
3570,4650
5374
176
Preorder print after SCC:
0,7798,2156,9658,8297,2036,3027,154,9063,2161,5442,458,7530,8361,180,6470,1175,1718,3570,4650,5374,176,6843,4652,7567,2283
Print in layers after SCC:
0
7798,6843,4652,7567,2283
2156
9658
8297
2036
3027
154
9063
2161
5442
458
7530
8361
180
6470
1175
1718
3570,4650
5374
176
Preorder print after SCC:
0,7798,2156,9658,8297,2036,3027,154,9063,2161,5442,458,7530,8361,180,6470,1175,1718,3570,4650,5374,176,6843,4652,7567,2283
The out degree of node 7567 is 0
Print in layers after BFS:
9063
5442,1718,2161,154,4650,7530,5374
2156,6470,176,3570,1175,3027,8361,458,8297,180,2036
7798,9658,2283
Preorder print after BFS:
9063,5442,2156,7798,6470,9658,176,2283,1718,3570,1175,3027,2161,8361,154,4650,458,8297,7530,180,2036,5374
Print in layers after SCC:
0
7798,6843,4652,7567,2283
2156
9658
8297
2036
3027
154
9063
2161
5442
458
7530
8361
180
6470
1175
1718
3570,4650
5374
176
Preorder print after SCC:
0,7798,2156,9658,8297,2036,3027,154,9063,2161,5442,458,7530,8361,180,6470,1175,1718,3570,4650,5374,176,6843,4652,7567,2283
The out degree of node 2156 is 7
The in degree of node 2161 is 7
The out degree of node 3570 is 7
The in degree of node 7798 is 1
Print in layers after BFS:
154
3570,3027,176,1718
6470,9658,2161,4650,8361,458,2036,7530,2283,8297,2156,1175
180,5374,9063,5442,7798
Preorder print after BFS:
154,3570,6470,180,9658,5374,9063,2161,4650,8361,458,5442,3027,2036,7530,176,2283,8297,2156,7798,1718,1175
The in degree of node 2161 is 7
Print in layers after BFS:
2156
154,2161,458,6470,180,7798,7530
3570,3027,176,1718,9063,8361,5442,1175,9658,2036,5374
4650,2283,8297
Preorder print after BFS:
2156,154,3570,4650,3027,176,2283,8297,1718,2161,9063,8361,458,5442,6470,1175,9658,180,2036,7798,7530,5374
The in degree of node 5374 is 5
The in degree of node 4268 is 0
The out degree of node 2283 is 0
Print in layers after BFS:
1718
3570,4650,1175,3027
6470,9658,2161,8361,458,176,8297,7530,9063,5374,2036
180,2156,5442,2283,154
7798
Preorder print after BFS:
1718,3570,6470,180,9658,2156,7798,2161,8361,458,5442,4650,176,2283,8297,154,7530,1175,9063,5374,3027,2036
Print in layers after SCC:
0
6843,4652,7567,8361,2283,6596,4268
180
7530
3027
154
2156
9658
8297
2036,4650,176
5374
5442
9063
2161
3570
1718
6470
1175,7798,458
Preorder print after SCC:
0,6843,4652,7567,8361,180,7530,3027,154,2156,9658,8297,2036,4650,5374,5442,9063,2161,3570,1718,6470,1175,7798,458,176,2283,6596,4268
The out degree of node 458 is 4
The in degree of node 1175 is 5
Print in layers after SCC:
0
6843,4652,7567,8361,2283,6596,2964
180
7530
3027
154
2156
9658
8297
2036,4650,176
5374
5442
9063
2161
3570
1718
6470
1175,7798,458
Preorder print after SCC:
0,6843,4652,7567,8361,180,7530,3027,154,2156,9658,8297,2036,4650,5374,5442,9063,2161,3570,1718,6470,1175,7798,458,176,2283,6596,2964
Print in layers after BFS:
2283
Preorder print after BFS:
2283
Print in layers after SCC:
0
6843,4652,7567,8361,2283,6596,2964
180
7530
3027
154
2156
9658
8297
2036,4650,176
5374
5442
9063
2161
3570
1718
6470
1175,7798,458
Preorder print after SCC:
0,6843,4652,7567,8361,180,7530,3027,154,2156,9658,8297,2036,4650,5374,5442,9063,2161,3570,1718,6470,1175,7798,458,176,2283,6596,2964
Print in layers after SCC:
0
6843,4652,7567,8361,2283,6596,2964
180
7530
3027
154
2156
9658
8297
2036,4650,176
5374
5442
9063
2161
3570
1718
6470
1175,7798,458
Preorder print after SCC:
0,6843,4652,7567,8361,180,7530,3027,154,2156,9658,8297,2036,4650,5374,5442,9063,2161,3570,1718,6470,1175,7798,458,176,2283,6596,2964
Print in layers after SCC:
0
6843,4652,7567,8361,2283,6596,2964
180
7530
3027
154
2156
9658
8297
2036,4650,176
5374
5442
9063
2161
3570
1718
6470
1175,7798,458
Preorder print after SCC:
0,6843,4652,7567,8361,180,7530,3027,154,2156,9658,8297,2036,4650,5374,5442,9063,2161,3570,1718,6470,1175,7798,458,176,2283,6596,2964
Print in layers after SCC:
0
6843,4652,7567,8361,2283,6596,2964
180
7530
3027
154
2156
9658
8297
2036,4650,176
5374
5442
9063
2161
3570
1718
6470
1175,7798,458
Preorder print after SCC:
0,6843,4652,7567,8361,180,7530,3027,154,2156,9658,8297,2036,4650,5374,5442,9063,2161,3570,1718,6470,1175,7798,458,176,2283,6596,2964
The in degree of node 6470 is 8
The out degree of node 3570 is 7
Print in layers after SCC:
0
6843,4652,7567,8361,2283,6596,2964
180
7530
3027
154
2156
9658
8297
2036,4650,176
5374
5442
9063
2161
3570
1718
6470
1175,7798,458
Preorder print after SCC:
0,6843,4652,7567,8361,180,7530,3027,154,2156,9658,8297,2036,4650,5374,5442,9063,2161,3570,1718,6470,1175,7798,458,176,2283,6596,2964
The out degree of node 458 is 4
The in degree of node 7567 is 0
Print in layers after BFS:
4652
Preorder print after BFS:
4652
Print in layers after BFS:
1175
6470,9063,5374
1718,9658,3570,2161,8361,180,5442,4650,7530
3027,2156,2036,458,176,8297,154
7798,2283
Preorder print after BFS:
1175,6470,1718,3027,9658,2156,7798,2036,3570,458,2161,8361,176,2283,8297,180,9063,5442,4650,7530,154,5374
Print in layers after BFS:
5856
Preorder print after BFS:
5856
Print in layers after BFS:
6843
Preorder print after BFS:
6843
Print in layers after BFS:
8297
9658,4650,458,3570,1175,176
2156,5374,8361,1718,2036,9063,7530,2161,3027,5442,6470,2283
154,180,7798,6843
Preorder print after BFS:
8297,9658,2156,154,180,7798,5374,8361,1718,2036,9063,4650,7530,2161,458,3027,6843,5442,6470,3570,1175,176,2283
Print in layers after SCC:
0
4652,7567,6596,2964,5638,5856,458,2283,6843
7530
8361
180
2156
9658
8297
2036,176
3027
154,1718
6470
1175,7798,3570
2161
9063,4650
5374
5442
Preorder print after SCC:
0,4652,7567,6596,2964,5638,5856,458,7530,8361,180,2156,9658,8297,2036,3027,154,1718,6470,1175,7798,3570,2161,9063,5374,5442,4650,176,2283,6843
The out degree of node 3570 is 7
The out degree of node 5442 is 5
The out degree of node 176 is 4
The out degree of node 2161 is 4
Print in layers after SCC:
0
4652,7567,6596,2964,5638,5856,458,2283,6843,9688,4217
7530
8361
180
2156
9658
8297
2036,176
3027
154,1718
6470
1175,7798,3570
2161
9063,4650
5374
5442
Preorder print after SCC:
0,4652,7567,6596,2964,5638,5856,458,7530,8361,180,2156,9658,8297,2036,3027,154,1718,6470,1175,7798,3570,2161,9063,5374,5442,4650,176,2283,6843,9688,4217
The in degree of node 6470 is 7
Print in layers after BFS:
7567
8361
7530,176,180,1175,8297,3027
458,2156,2036,5374,154,2283,6470,9063,9658,3570,6843
2161,7798,5442,4650,1718
Preorder print after BFS:
7567,8361,7530,458,2161,2156,7798,2036,5442,5374,4650,154,1718,176,2283,180,1175,6470,9063,8297,9658,3570,3027,6843
Print in layers after BFS:
1718
3570,4650,1175,3027
6470,9658,2161,8361,458,176,8297,9063,5374,6843,2036,7530
180,2156,2283,5442,154
7798
Preorder print after BFS:
1718,3570,6470,180,9658,2156,7798,2161,8361,458,4650,176,2283,8297,1175,9063,5442,5374,3027,6843,2036,7530,154
Print in layers after BFS:
2161
3570,9063,8361,2156
6470,9658,1718,4650,458,5442,7530,176,180,1175,8297,3027,154,7798
5374,2036,2283,6843
Preorder print after BFS:
2161,3570,6470,9658,5374,2036,1718,4650,458,9063,5442,7530,8361,176,2283,180,1175,8297,3027,6843,2156,154,7798
Print in layers after SCC:
0
4652,7567,6596,2964,5638,458,6843,2283,5856,9688,4217,5296
7530
8361
180
2156
9658
8297
2036,176
3027
154,1718
6470
1175,7798,3570
2161
9063,4650
5374
5442
Preorder print after SCC:
0,4652,7567,6596,2964,5638,458,7530,8361,180,2156,9658,8297,2036,3027,154,1718,6470,1175,7798,3570,2161,9063,5374,5442,4650,176,6843,2283,5856,9688,4217,5296
Print in layers after BFS:
6843
4217
Preorder print after BFS:
6843,4217
The in degree of node 9688 is 0
The out degree of node 9658 is 6
The out degree of node 5442 is 5
The in degree of node 5856 is 2
Print in layers after BFS:
3027
2161,6843,2036,6470,7530
5856,3570,9063,8361,2156,4217,5442,1175,8297,176,9658,180,458,5374,154
1718,4650,7798,2283
Preorder print after BFS:
3027,2161,5856,3570,1718,4650,9063,8361,2156,7798,6843,4217,2036,5442,1175,8297,176,2283,9658,180,6470,7530,458,5374,154
The in degree of node 9063 is 4
The in degree of node 3570 is 6
Print in layers after SCC:
0
6596,2964,5638,9688,5296,4652,7567,8361,6843,4217,2283,5856,2715,5572
180
7530
3027
154
2156
9658
8297
2036,4650,176
5374
5442
9063
2161
458
7798,3570
1718,6470
1175
Preorder print after SCC:
0,6596,2964,5638,9688,5296,4652,7567,8361,180,7530,3027,154,2156,9658,8297,2036,4650,5374,5442,9063,2161,458,7798,3570,1718,6470,1175,176,6843,4217,2283,5856,2715,5572
Print in layers after BFS:
2283
Preorder print after BFS:
2283
The out degree of node 2161 is 6
The out degree of node 5638 is 2
The in degree of node 6843 is 0
Print in layers after BFS:
176
2283,8297,2156,7530
9658,458,3570,154,2161,6470,180,7798,8361,2036,5374
1718,9063,3027,4650,5856,1175,5442
Preorder print after BFS:
176,2283,8297,9658,1718,9063,458,3027,3570,4650,2156,154,2161,5856,6470,1175,180,7798,7530,8361,2036,5442,5374
The in degree of node 5442 is 2
Print in layers after BFS:
9688
Preorder print after BFS:
9688
The out degree of node 5572 is 0
The out degree of node 2964 is 0
Print in layers after BFS:
3217
Preorder print after BFS:
3217
The in degree of node 9688 is 0
Print in layers after BFS:
5638
458
8361,3027,2161
7530,176,180,1175,8297,2036,6470,2283,5856,3570,9063,2156
5374,154,9658,5442,1718,4650,7798
Preorder print after BFS:
5638,458,8361,7530,5374,154,176,180,1175,8297,9658,3027,2036,5442,6470,2161,2283,5856,3570,1718,4650,9063,2156,7798
Print in layers after BFS:
9688
Preorder print after BFS:
9688
The out degree of node 6133 is 0
Print in layers after SCC:
0
6843,6596,5638,9688,4217,5296,4652,7567,2715,5572,6526,6133,458,5856,2283,3217,6178,1950
7530
8361
180
2156
9658
8297
2036,176
3027
154,1718
9063
5374
5442,1175
6470
7798,3570
2161
4650
Preorder print after SCC:
0,6843,6596,5638,9688,4217,5296,4652,7567,2715,5572,6526,6133,458,7530,8361,180,2156,9658,8297,2036,3027,154,1718,9063,5374,5442,1175,6470,7798,3570,2161,4650,176,5856,2283,3217,6178,1950
Print in layers after BFS:
6470
1175,9658,3570,2161,8361,180
9063,5374,2156,1718,2036,4650,458,2283,5856,7530,176,8297,3027
5442,154,7798
Preorder print after BFS:
6470,1175,9063,5442,5374,9658,2156,154,7798,1718,2036,3570,4650,458,2161,2283,5856,8361,7530,176,8297,3027,180
The in degree of node 2161 is 7
The out degree of node 3240 is 0
Print in layers after SCC:
0
6843,6596,5638,9688,5296,4652,7567,2715,6526,6133,458,4217,5856,2283,5572,3217,6178,1950,3240
7530
8361
180
2156
9658
8297
2036,176
3027
154,1718
9063
5374
5442,1175
6470
7798,3570
2161
4650
Preorder print after SCC:
0,6843,6596,5638,9688,5296,4652,7567,2715,6526,6133,458,7530,8361,180,2156,9658,8297,2036,3027,154,1718,9063,5374,5442,1175,6470,7798,3570,2161,4650,176,4217,5856,2283,5572,3217,6178,1950,3240
Print in layers after SCC:
0
6843,6596,5638,9688,5296,4652,7567,2715,6526,6133,458,4217,5856,2283,5572,3217,6178,1950,3240
7530
8361
180
2156
9658
8297
2036,176
3027
154,1718
9063
5374
5442,1175
6470
7798,3570
2161
4650
Preorder print after SCC:
0,6843,6596,5638,9688,5296,4652,7567,2715,6526,6133,458,7530,8361,180,2156,9658,8297,2036,3027,154,1718,9063,5374,5442,1175,6470,7798,3570,2161,4650,176,4217,5856,2283,5572,3217,6178,1950,3240
The in degree of node 5296 is 0
Print in layers after BFS:
7567
8361
7530,176,180,1175,8297,3027
458,2036,5374,154,2283,2156,6470,9063,9658,3570,2161
5442,4650,1718,5572,7798,4217,5856
3217
Preorder print after BFS:
7567,8361,7530,458,2036,5442,5374,4650,154,1718,176,2283,5572,2156,7798,180,1175,6470,9063,4217,3217,8297,9658,3570,3027,2161,5856
Print in layers after SCC:
0
6843,6596,5638,9688,5296,4652,7567,2715,6526,6133,458,4217,5856,2283,5572,3217,6178,1950,3240
7530
8361
180
2156
9658
8297
2036,176
3027
154,1718
9063
5374
5442,1175
6470
7798,3570
2161
4650
Preorder print after SCC:
0,6843,6596,5638,9688,5296,4652,7567,2715,6526,6133,458,7530,8361,180,2156,9658,8297,2036,3027,154,1718,9063,5374,5442,1175,6470,7798,3570,2161,4650,176,4217,5856,2283,5572,3217,6178,1950,3240
Print in layers after BFS:
3570
6470,9658,1718,4650,8361,458
1175,2161,180,2156,5374,2036,9063,3027,176,8297,7530
2283,5856,154,7798,5442,4217
5572,3217
Preorder print after BFS:
3570,6470,1175,2161,2283,5572,5856,180,9658,2156,154,7798,5374,2036,5442,9063,4217,3217,1718,3027,4650,176,8297,8361,7530,458
The out degree of node 2715 is 0
Print in layers after SCC:
0
6843,6596,5638,9688,5296,4652,7567,2715,6526,6133,458,4217,5856,2283,5572,3217,6178,1950,3240
7530
8361
180
2156
9658
8297
2036,176
3027
154,1718
9063
5374
5442,1175
6470
7798,3570
2161
4650
Preorder print after SCC:
0,6843,6596,5638,9688,5296,4652,7567,2715,6526,6133,458,7530,8361,180,2156,9658,8297,2036,3027,154,1718,9063,5374,5442,1175,6470,7798,3570,2161,4650,176,4217,5856,2283,5572,3217,6178,1950,3240
The out degree of node 5638 is 2
The out degree of node 6526 is 0
Print in layers after SCC:
0
6843,6596,5638,9688,5296,4652,7567,2715,6526,6133,458,4217,5856,2283,5572,3217,6178,1950,3240
7530
8361
180
2156
9658
8297
2036,176
3027
154,1718
9063
5374
5442,1175
6470
7798,3570
2161
4650
Preorder print after SCC:
0,6843,6596,5638,9688,5296,4652,7567,2715,6526,6133,458,7530,8361,180,2156,9658,8297,2036,3027,154,1718,9063,5374,5442,1175,6470,7798,3570,2161,4650,176,4217,5856,2283,5572,3217,6178,1950,3240
The out degree of node 2283 is 1
The in degree of node 2156 is 4
Print in layers after SCC:
0
6843,6596,5638,5296,4652,7567,2715,6526,6133,458,4217,5856,2283,5572,3217,6178,1950,3240
7530
8361
180
2156
9658
8297
2036,176
3027
154,1718
9063
5374
5442,1175
6470
7798,3570
2161
4650
Preorder print after SCC:
0,6843,6596,5638,5296,4652,7567,2715,6526,6133,458,7530,8361,180,2156,9658,8297,2036,3027,154,1718,9063,5374,5442,1175,6470,7798,3570,2161,4650,176,4217,5856,2283,5572,3217,6178,1950,3240
Print in layers after SCC:
0
6843,6596,5638,5296,4652,7567,2715,6526,6133,458,4217,5856,2283,5572,3217,6178,1950,3240
7530
8361
180
2156
9658
8297
2036,176
3027
154,1718
9063
5374
5442,1175
6470
7798,3570
2161
4650
Preorder print after SCC:
0,6843,6596,5638,5296,4652,7567,2715,6526,6133,458,7530,8361,180,2156,9658,8297,2036,3027,154,1718,9063,5374,5442,1175,6470,7798,3570,2161,4650,176,4217,5856,2283,5572,3217,6178,1950,3240
Print in layers after BFS:
5856
Preorder print after BFS:
5856
The out degree of node 8361 is 6
The out degree of node 4650 is 5
The in degree of node 6470 is 5
The out degree of node 176 is 4
Print in layers after SCC:
0
6843,6596,5638,5296,4652,7567,2715,6526,6133,1950,4217,3217,2283,5572,3240,6205
5856
2161
3027
154
2156
9658
8297
2036
7530
8361,176
458,180
4650
5374
9063
1175
6470
7798,3570,5442
1718
Preorder print after SCC:
0,6843,6596,5638,5296,4652,7567,2715,6526,6133,1950,5856,2161,3027,154,2156,9658,8297,2036,7530,8361,458,4650,5374,9063,1175,6470,7798,3570,1718,5442,180,176,4217,3217,2283,5572,3240,6205
Print in layers after SCC:
0
6843,6596,5638,5296,4652,7567,2715,6526,6133,1950,4217,3217,2283,5572,3240,6205
5856
2161
3027
154
2156
9658
8297
2036
7530
8361,176
458,180
4650
5374
9063
1175
6470
7798,3570,5442
1718
Preorder print after SCC:
0,6843,6596,5638,5296,4652,7567,2715,6526,6133,1950,5856,2161,3027,154,2156,9658,8297,2036,7530,8361,458,4650,5374,9063,1175,6470,7798,3570,1718,5442,180,176,4217,3217,2283,5572,3240,6205
Print in layers after BFS:
6843
4217
3217
Preorder print after BFS:
6843,4217,3217
The in degree of node 2036 is 4
The out degree of node 2156 is 7
The out degree of node 6526 is 0
Print in layers after SCC:
0
6843,5638,5296,4652,7567,2715,6526,6133,1950,4217,3217,2283,5572,3240,6205,2972
5856
2161
3027
154
2156
9658
8297
2036
7530
8361,176
458,180
4650
5374
9063
1175
6470
7798,3570,5442
1718
Preorder print after SCC:
0,6843,5638,5296,4652,7567,2715,6526,6133,1950,5856,2161,3027,154,2156,9658,8297,2036,7530,8361,458,4650,5374,9063,1175,6470,7798,3570,1718,5442,180,176,4217,3217,2283,5572,3240,6205,2972
Print in layers after BFS:
5442
5374,2156,2161,6470,176
9063,4650,7530,154,458,180,7798,2283,5856,3570,1175,9658,8361,8297
4217,1718,2036,3027,5572,1950
3217
Preorder print after BFS:
5442,5374,9063,4217,3217,1718,4650,7530,2036,2156,154,3027,458,180,7798,2161,2283,5572,5856,1950,3570,6470,1175,9658,8361,176,8297
The out degree of node 9658 is 6
Print in layers after SCC:
0
6843,5638,5296,4652,7567,2715,6526,6133,1950,4217,3217,2283,5572,3240,6205,2972
5856
2161
3027
154
2156
9658
8297
2036
7530
8361,176
458,180
4650
5374
9063
1175
6470
7798,3570,5442
1718
Preorder print after SCC:
0,6843,5638,5296,4652,7567,2715,6526,6133,1950,5856,2161,3027,154,2156,9658,8297,2036,7530,8361,458,4650,5374,9063,1175,6470,7798,3570,1718,5442,180,176,4217,3217,2283,5572,3240,6205,2972
Print in layers after SCC:
0
6843,5638,5296,4652,7567,2715,6526,6133,1950,4217,3217,2283,5572,3240,6205,2972
5856
2161
3027
154
2156
9658
8297
2036
7530
8361,176
458,180
4650
5374
9063
1175
6470
7798,3570,5442
1718
Preorder print after SCC:
0,6843,5638,5296,4652,7567,2715,6526,6133,1950,5856,2161,3027,154,2156,9658,8297,2036,7530,8361,458,4650,5374,9063,1175,6470,7798,3570,1718,5442,180,176,4217,3217,2283,5572,3240,6205,2972
Print in layers after BFS:
3570
6470,9658,1718,4650,8361,458
1175,2161,180,2156,5374,2036,9063,3027,176,8297,7530
2283,5856,154,7798,5442,4217
5572,1950,3217
Preorder print after BFS:
3570,6470,1175,2161,2283,5572,5856,1950,180,9658,2156,154,7798,5374,2036,5442,9063,4217,3217,1718,3027,4650,176,8297,8361,7530,458
Print in layers after BFS:
1175
6470,9063,5374
9658,3570,2161,8361,180,4217,5442,1718,4650,7530
2156,2036,458,2283,5856,176,8297,3027,3217,154
7798,5572,1950
Preorder print after BFS:
1175,6470,9658,2156,7798,2036,3570,458,2161,2283,5572,5856,1950,8361,176,8297,3027,180,9063,4217,3217,5442,1718,4650,7530,154,5374
Print in layers after BFS:
2715
Preorder print after BFS:
2715
Print in layers after SCC:
0
6843,5638,5296,4652,7567,2715,6526,6133,1950,4217,3217,2283,5572,3240,6205,2972
5856
2161
3027
154
2156
9658
8297
2036
7530
8361,176
458,180
4650
5374
9063
1175
6470
7798,3570,5442
1718
Preorder print after SCC:
0,6843,5638,5296,4652,7567,2715,6526,6133,1950,5856,2161,3027,154,2156,9658,8297,2036,7530,8361,458,4650,5374,9063,1175,6470,7798,3570,1718,5442,180,176,4217,3217,2283,5572,3240,6205,2972
The in degree of node 5442 is 2
Print in layers after BFS:
7567
8361
7530,176,180,1175,8297,3027
458,2036,5374,154,2283,2156,6470,9063,9658,3570,2161
5442,4650,1718,5572,7798,4217,5856
3217,1950
Preorder print after BFS:
7567,8361,7530,458,2036,5442,5374,4650,154,1718,176,2283,5572,2156,7798,180,1175,6470,9063,4217,3217,8297,9658,3570,3027,2161,5856,1950
The out degree of node 1718 is 4
Print in layers after BFS:
5572
Preorder print after BFS:
5572
Print in layers after SCC:
0
6843,5638,5296,4652,7567,2715,6526,6133,1950,4217,3217,2283,5572,3240,6205,2972,2588
5856
2161
3027
154
2156
9658
8297
2036
7530
8361,176
458,180
4650
5374
9063
1175
6470
7798,3570,5442
1718
Preorder print after SCC:
0,6843,5638,5296,4652,7567,2715,6526,6133,1950,5856,2161,3027,154,2156,9658,8297,2036,7530,8361,458,4650,5374,9063,1175,6470,7798,3570,1718,5442,180,176,4217,3217,2283,5572,3240,6205,2972,2588
The in degree of node 7530 is 6
Print in layers after SCC:
0
6843,5638,5296,4652,7567,2715,6526,6133,1950,4217,3217,2283,5572,3240,6205,2972,2588
5856
2161
3027
154
2156
9658
8297
2036
7530
8361,176
458,180
4650
5374
9063
1175
6470
7798,3570,5442
1718
Preorder print after SCC:
0,6843,5638,5296,4652,7567,2715,6526,6133,1950,5856,2161,3027,154,2156,9658,8297,2036,7530,8361,458,4650,5374,9063,1175,6470,7798,3570,1718,5442,180,176,4217,3217,2283,5572,3240,6205,2972,2588
The in degree of node 5296 is 0
The out degree of node 154 is 4
Print in layers after SCC:
0
6843,5638,5296,4652,7567,2715,6526,6133,1950,4217,3217,2283,5572,3240,6205,2972,2588,855,3885
5856
2161
3027
154
2156
9658
8297
2036
7530
8361,176
458,180
4650
5374
9063
1175
6470
7798,3570,5442
1718
Preorder print after SCC:
0,6843,5638,5296,4652,7567,2715,6526,6133,1950,5856,2161,3027,154,2156,9658,8297,2036,7530,8361,458,4650,5374,9063,1175,6470,7798,3570,1718,5442,180,176,4217,3217,2283,5572,3240,6205,2972,2588,855,3885
The in degree of node 5638 is 0
The in degree of node 7530 is 6
The in degree of node 3240 is 0
Print in layers after BFS:
8361
7530,176,180,1175,8297,3027
458,2036,5374,154,2283,2156,6470,9063,9658,3570,2161
5442,4650,1718,5572,7798,4217,5856
3217,1950
Preorder print after BFS:
8361,7530,458,2036,5442,5374,4650,154,1718,176,2283,5572,2156,7798,180,1175,6470,9063,4217,3217,8297,9658,3570,3027,2161,5856,1950
The out degree of node 5374 is 3
Print in layers after SCC:
0
6843,7567,5638,5296,4652,2715,6526,6133,1950,4217,3217,2283,5572,3240,6205,2972,2588,855,3885,4591
5856
2161
3027
154
2156
9658
8297
2036
7530
8361,176
458,180
4650
5374
9063
1175
6470
7798,3570,5442
1718
Preorder print after SCC:
0,6843,7567,5638,5296,4652,2715,6526,6133,1950,5856,2161,3027,154,2156,9658,8297,2036,7530,8361,458,4650,5374,9063,1175,6470,7798,3570,1718,5442,180,176,4217,3217,2283,5572,3240,6205,2972,2588,855,3885,4591
The in degree of node 5296 is 0
Print in layers after SCC:
0
6843,7567,5638,5296,4652,2715,6526,6133,1950,4217,3217,2283,5572,3240,6205,2972,2588,855,3885,4591
5856
2161
3027
154
2156
9658
8297
2036
7530
8361,176
458,180
4650
5374
9063
1175
6470
7798,3570,5442
1718
Preorder print after SCC:
0,6843,7567,5638,5296,4652,2715,6526,6133,1950,5856,2161,3027,154,2156,9658,8297,2036,7530,8361,458,4650,5374,9063,1175,6470,7798,3570,1718,5442,180,176,4217,3217,2283,5572,3240,6205,2972,2588,855,3885,4591
The out degree of node 2283 is 1
The in degree of node 2588 is 0
The out degree of node 154 is 4
Print in layers after SCC:
0
6843,7567,5638,5296,4652,2715,6526,6133,1950,4217,3217,2283,5572,3240,6205,2972,2588,855,3885,4591,9112
5856
2161
3027
154
2156
9658
8297
4650
5374
9063
1175
6470
7798,3570,5442
1718,2036
7530
8361,176
458,180
Preorder print after SCC:
0,6843,7567,5638,5296,4652,2715,6526,6133,1950,5856,2161,3027,154,2156,9658,8297,4650,5374,9063,1175,6470,7798,3570,1718,5442,2036,7530,8361,458,180,176,4217,3217,2283,5572,3240,6205,2972,2588,855,3885,4591,9112
The in degree of node 4217 is 2
The in degree of node 2588 is 0
The in degree of node 4591 is 0
The out degree of node 5296 is 1
The in degree of node 2161 is 6
The out degree of node 7530 is 5
Print in layers after SCC:
0
6843,7567,5638,5296,4652,6526,1950,4217,3217,2283,5572,3240,6205,2972,855,3885,4591,8453,9228
5856
2161
3027
154,458
2156,6133
9658
8297
4650
5374
9063
1175
6470
7798,3570,5442
1718,2036
7530
8361,176
180
Preorder print after SCC:
0,6843,7567,5638,5296,4652,6526,1950,5856,2161,3027,154,2156,9658,8297,4650,5374,9063,1175,6470,7798,3570,1718,5442,2036,7530,8361,180,176,458,6133,4217,3217,2283,5572,3240,6205,2972,855,3885,4591,8453,9228
The out degree of node 9658 is 6
The in degree of node 5856 is 1
The in degree of node 458 is 8
Print in layers after SCC:
0
6843,7567,5638,5296,4652,6526,1950,4217,3217,2283,5572,3240,6205,2972,855,3885,4591,8453,9228
5856
2161
3027
154,458
2156,6133
9658
8297
4650
5374
9063
1175
6470
7798,3570,5442
1718,2036
7530
8361,176
180
Preorder print after SCC:
0,6843,7567,5638,5296,4652,6526,1950,5856,2161,3027,154,2156,9658,8297,4650,5374,9063,1175,6470,7798,3570,1718,5442,2036,7530,8361,180,176,458,6133,4217,3217,2283,5572,3240,6205,2972,855,3885,4591,8453,9228
The out degree of node 7798 is 5
Print in layers after BFS:
6526
Preorder print after BFS:
6526
The in degree of node 6526 is 0
The out degree of node 5572 is 0
The out degree of node 7530 is 5
Print in layers after BFS:
9658
458,2156,5374,8361,1718,2036,9063
3027,2161,154,6470,180,7798,7530,4650,176,1175,8297,3570,5442,4217
2283,5856,3217
5572,6133,1950
Preorder print after BFS:
9658,458,3027,2161,2283,5572,5856,6133,1950,2156,154,6470,180,7798,7530,5374,4650,8361,176,1175,8297,1718,3570,2036,5442,9063,4217,3217
